30878,3.749542961608775
2647871,3.749542961608775
1283744,3.749542961608775
2488120,3.749542961608775
317050,3.749542961608775
1904905,3.749542961608775
1989766,3.749542961608775
14756,3.749542961608775
1027056,3.749542961608775
1149588,3.749542961608775
1394012,3.749542961608775
1406595,3.749542961608775
2529547,3.749542961608775
1682104,3.749542961608775
2625019,3.749542961608775
2603381,3.749542961608775
1774623,3.749542961608775
470861,3.749542961608775
712610,3.749542961608775
1772839,3.749542961608775
1059319,3.749542961608775
2380848,3.749542961608775
548064,3.749542961608775
1952305,3.180722891566265
1531863,3.180722891566265
2326571,3.2842105263157895
977808,3.2842105263157895
1010534,3.2842105263157895
1861759,3.2842105263157895
79755,3.2842105263157895
98259,3.2842105263157895
1960212,3.2842105263157895
97460,3.2842105263157895
97460,5.534210526315789
2623506,3.2842105263157895
2409123,3.2842105263157895
1959111,3.2842105263157895
809597,3.2842105263157895
2251189,3.2842105263157895
537705,3.2842105263157895
929584,3.2842105263157895
506737,3.2842105263157895
708895,3.2842105263157895
1900790,3.2842105263157895
2553920,3.2842105263157895
1196779,3.2842105263157895
2411446,3.2842105263157895
1002296,3.2842105263157895
1580442,3.2842105263157895
100291,3.2842105263157895
433455,3.2842105263157895
2368043,3.2842105263157895
906984,3.2842105263157895
200206,2.902325581395349
523108,2.902325581395349
262828,3.8037974683544302
2609496,3.8037974683544302
1474804,3.8037974683544302
831991,3.8037974683544302
267142,3.8037974683544302
2305771,3.8037974683544302
220050,3.8037974683544302
1959883,3.8037974683544302
27822,3.8037974683544302
2570808,3.8037974683544302
90355,3.8037974683544302
2417258,3.8037974683544302
264764,3.8037974683544302
143866,3.8037974683544302
766895,3.8037974683544302
714089,3.8037974683544302
2350428,3.8037974683544302
1450941,3.4405487804878048
1213181,3.4405487804878048
308502,3.4405487804878048
2581993,3.4405487804878048
1515111,2.467289719626168
1737087,4.208903257896046
1270334,4.208903257896046
1262711,4.208903257896046
1903515,4.208903257896046
2140798,4.208903257896046
2479158,4.208903257896046
2161335,4.208903257896046
2099522,4.208903257896046
1291600,4.208903257896046
2198877,4.208903257896046
2214717,4.208903257896046
1936582,4.208903257896046
84804,4.208903257896046
1257912,4.208903257896046
1263375,4.208903257896046
735147,4.208903257896046
1186407,4.208903257896046
350806,4.208903257896046
1141242,4.208903257896046
638738,4.208903257896046
590598,4.208903257896046
1704823,4.208903257896046
2238464,4.208903257896046
273497,4.208903257896046
2499539,4.208903257896046
2543444,4.208903257896046
119309,4.208903257896046
2540335,4.208903257896046
129495,4.208903257896046
956464,4.208903257896046
1648424,4.208903257896046
254775,3.2453531598513012
1892654,3.2453531598513012
469365,3.2453531598513012
793736,3.2453531598513012
926698,3.2453531598513012
1093333,2.8208333333333333
1982605,2.8208333333333333
1534853,2.8208333333333333
1632583,2.8208333333333333
1204847,2.5385906040268456
2160216,2.5385906040268456
248206,2.5385906040268456
835054,2.5385906040268456
1064667,2.5385906040268456
2419805,2.5385906040268456
2084848,2.5385906040268456
671106,2.5385906040268456
2087887,2.5385906040268456
1340891,2.5385906040268456
1917538,2.5385906040268456
2018945,2.5385906040268456
2520477,2.5385906040268456
1813636,3.566666666666667
2048630,3.566666666666667
930946,3.566666666666667
1492860,3.566666666666667
1687570,3.566666666666667
1122917,3.566666666666667
1885441,3.566666666666667
1927533,3.296551724137931
1789102,3.296551724137931
2263612,3.296551724137931
964421,3.296551724137931
701514,3.296551724137931
2120902,3.296551724137931
1050889,3.3172147001934236
67976,3.3172147001934236
1025642,3.3172147001934236
624334,3.3172147001934236
239718,3.3172147001934236
549109,3.3172147001934236
143504,3.3172147001934236
584301,3.3172147001934236
437680,3.3172147001934236
2434971,3.3172147001934236
400819,3.3172147001934236
1841130,3.3172147001934236
1926199,3.3172147001934236
805709,3.3172147001934236
545109,3.3172147001934236
662875,3.3172147001934236
74408,3.3172147001934236
529725,3.3172147001934236
1786012,3.3172147001934236
2382523,3.3172147001934236
1358422,3.3172147001934236
780049,3.3172147001934236
1894639,3.3172147001934236
1014799,3.3172147001934236
2176030,3.3172147001934236
286045,3.3172147001934236
1381947,3.3172147001934236
386254,3.3172147001934236
224172,3.3172147001934236
404085,3.3172147001934236
2005305,3.3172147001934236
1956315,3.3172147001934236
2580275,3.3172147001934236
2110738,3.3172147001934236
1525405,3.3172147001934236
2187027,3.3172147001934236
1995906,3.3172147001934236
2133433,3.3172147001934236
2097983,3.3172147001934236
884805,3.3172147001934236
2083077,3.3172147001934236
1642134,3.3172147001934236
2550380,3.3172147001934236
2559056,3.3172147001934236
1080407,3.3172147001934236
1455000,3.3172147001934236
498315,3.3172147001934236
2464251,3.3172147001934236
1149181,3.3172147001934236
2117376,3.3172147001934236
1368543,3.3172147001934236
1216717,3.3172147001934236
1727516,3.3172147001934236
1771413,3.3172147001934236
2326782,3.3172147001934236
2423679,3.3172147001934236
1198786,3.3172147001934236
1042938,3.3172147001934236
2640911,3.3172147001934236
328713,3.3172147001934236
2591056,3.3172147001934236
256030,3.3172147001934236
1363889,3.3172147001934236
2615076,3.3172147001934236
52736,3.3172147001934236
1359594,3.3172147001934236
1385396,3.3172147001934236
2414993,3.3172147001934236
1274754,3.3172147001934236
715115,3.3172147001934236
795536,3.3172147001934236
1991455,3.3172147001934236
1107351,3.3172147001934236
1451770,3.3172147001934236
1433190,3.3172147001934236
1769644,3.3172147001934236
875020,3.3172147001934236
2456714,3.3172147001934236
906813,3.3172147001934236
837457,3.3172147001934236
672807,3.3172147001934236
1863197,3.3172147001934236
2585014,3.3172147001934236
666419,3.3172147001934236
1849372,3.3172147001934236
1308814,3.3172147001934236
2344636,3.3172147001934236
755775,3.3172147001934236
768710,3.3172147001934236
2334860,3.3172147001934236
468090,3.3172147001934236
1996056,3.3172147001934236
1603215,3.3172147001934236
274970,3.3172147001934236
1060880,3.3172147001934236
721144,3.3172147001934236
1381762,3.3172147001934236
1589154,3.3172147001934236
2033841,3.3172147001934236
1372601,3.3172147001934236
2339869,3.3172147001934236
41031,3.3172147001934236
655047,3.3172147001934236
916708,3.3172147001934236
1924771,3.3172147001934236
1686092,3.3172147001934236
1552908,3.3172147001934236
329102,3.3172147001934236
1181907,3.3172147001934236
1762077,3.3172147001934236
1583835,3.3172147001934236
773994,3.3172147001934236
25452,3.3172147001934236
25452,5.067214700193423
321005,3.3172147001934236
1369500,3.3172147001934236
2429351,3.3172147001934236
396491,3.3172147001934236
1745676,3.3172147001934236
2204817,3.3172147001934236
2624938,3.3172147001934236
491487,3.3172147001934236
1298591,3.3172147001934236
77828,3.3172147001934236
1047191,3.3172147001934236
2642897,3.3172147001934236
2494183,3.3172147001934236
1337506,3.3172147001934236
1802655,3.3172147001934236
126058,3.3172147001934236
940778,3.3172147001934236
1988427,3.3172147001934236
1720476,3.3172147001934236
1947287,3.3172147001934236
31062,3.3172147001934236
31062,4.567214700193423
1462925,2.3990683229813663
52050,2.3990683229813663
650466,2.3990683229813663
1813166,2.3990683229813663
2224061,2.3990683229813663
815731,2.3990683229813663
154626,2.3990683229813663
531384,2.3990683229813663
696688,2.3990683229813663
1088633,2.3990683229813663
639327,2.3990683229813663
59938,2.3990683229813663
1856669,2.3990683229813663
2034703,2.3990683229813663
1060588,2.3990683229813663
2475682,2.3990683229813663
1075860,2.3990683229813663
1633365,2.3990683229813663
681503,2.3990683229813663
186927,2.3990683229813663
2374977,2.3990683229813663
2113696,2.3990683229813663
1677862,2.3990683229813663
1624701,4.27906976744186
2646826,4.27906976744186
2445069,3.117071260767424
1483604,3.117071260767424
418164,3.117071260767424
2491070,3.117071260767424
1485175,3.117071260767424
1043648,3.117071260767424
1913770,3.117071260767424
2560523,3.117071260767424
2416960,3.117071260767424
161063,3.117071260767424
56741,3.117071260767424
2301550,3.117071260767424
1275794,3.117071260767424
2503691,3.279754843811783
1222878,3.279754843811783
843201,3.279754843811783
2271154,3.279754843811783
1346139,3.279754843811783
124014,3.279754843811783
1501028,3.279754843811783
2201453,3.279754843811783
225422,3.279754843811783
222553,3.279754843811783
1521657,3.279754843811783
295833,3.279754843811783
10616,3.279754843811783
10616,5.279754843811784
512945,3.279754843811783
844777,3.279754843811783
973206,3.279754843811783
2246803,3.279754843811783
395087,3.279754843811783
2360499,3.279754843811783
1153049,3.279754843811783
1846387,3.279754843811783
1454544,3.279754843811783
1018789,3.279754843811783
914602,3.279754843811783
1321443,3.279754843811783
1150421,3.279754843811783
2045002,3.279754843811783
1379641,3.279754843811783
178089,3.279754843811783
291407,3.279754843811783
2229322,3.279754843811783
2177405,3.279754843811783
105997,3.279754843811783
2346736,3.279754843811783
1729494,3.279754843811783
472225,3.279754843811783
1233535,3.279754843811783
1529676,3.279754843811783
1414279,3.279754843811783
461311,3.279754843811783
1715286,3.279754843811783
1714052,3.279754843811783
649457,3.279754843811783
451510,3.279754843811783
494014,3.279754843811783
1544885,3.279754843811783
110412,3.279754843811783
1894679,3.279754843811783
1006623,3.279754843811783
467438,3.279754843811783
776931,3.279754843811783
952735,3.279754843811783
221590,3.279754843811783
348279,3.279754843811783
1911099,3.279754843811783
1923760,3.279754843811783
397753,3.279754843811783
1626179,3.1918819188191883
1359761,3.1918819188191883
430376,3.1918819188191883
723484,3.1918819188191883
839609,3.1918819188191883
975179,3.816008316008316
829739,3.816008316008316
1732761,3.816008316008316
2162539,3.816008316008316
933118,3.816008316008316
467156,3.816008316008316
164480,3.816008316008316
613439,3.816008316008316
1312973,3.816008316008316
1769664,3.816008316008316
2477285,3.816008316008316
484575,3.816008316008316
2602717,3.816008316008316
1320821,3.816008316008316
1236649,3.816008316008316
705793,3.816008316008316
1395812,3.816008316008316
2056853,3.816008316008316
770517,3.816008316008316
1514136,3.816008316008316
988835,3.816008316008316
1172474,3.816008316008316
1213571,3.816008316008316
1801332,3.816008316008316
1623337,3.816008316008316
588400,3.816008316008316
2378764,3.816008316008316
2405069,3.816008316008316
1751359,2.9037433155080214
234929,2.9037433155080214
1759349,2.9037433155080214
1604433,2.9037433155080214
1003759,2.9037433155080214
2280428,2.982142857142857
1129341,2.982142857142857
1377724,2.982142857142857
305767,3.6540727902946273
2316945,3.6540727902946273
2173031,3.6540727902946273
676747,3.6540727902946273
354053,3.6540727902946273
2119257,3.6540727902946273
2282361,3.6540727902946273
1670793,3.6540727902946273
1960248,3.6540727902946273
73918,3.6540727902946273
1516345,3.6540727902946273
1236649,5.654072790294627
1403470,3.6540727902946273
913554,3.6540727902946273
647979,3.6540727902946273
404170,3.6540727902946273
2487526,3.6540727902946273
502190,3.6540727902946273
801510,3.6540727902946273
2126132,3.6540727902946273
1652905,3.6540727902946273
828150,3.6540727902946273
1634975,3.6540727902946273
324441,3.6540727902946273
1569186,3.6540727902946273
905901,3.6540727902946273
1435115,3.6540727902946273
1140656,3.6540727902946273
423065,3.6540727902946273
178629,3.6540727902946273
22036,3.401153568853641
1126085,3.401153568853641
487154,3.401153568853641
261890,3.401153568853641
204512,3.401153568853641
2350988,3.401153568853641
943653,3.401153568853641
1725053,3.401153568853641
1967016,3.401153568853641
2042897,3.401153568853641
513351,3.401153568853641
467597,3.401153568853641
475394,3.401153568853641
610785,3.401153568853641
1191387,3.401153568853641
2597191,3.401153568853641
289045,3.401153568853641
1466477,3.401153568853641
1970876,3.401153568853641
1259566,3.401153568853641
2049251,3.401153568853641
2535358,3.401153568853641
1041111,3.401153568853641
67095,3.401153568853641
1989902,3.401153568853641
1796655,3.401153568853641
1772740,3.401153568853641
2356037,3.401153568853641
884657,3.401153568853641
1367415,3.401153568853641
1394476,3.401153568853641
1137339,3.401153568853641
658929,3.401153568853641
518974,3.401153568853641
1568346,3.401153568853641
371346,3.401153568853641
1207852,3.401153568853641
719156,3.401153568853641
1151159,3.401153568853641
1882122,3.401153568853641
1340177,3.401153568853641
306688,3.401153568853641
2455675,3.401153568853641
1750548,3.401153568853641
2145783,3.401153568853641
1191324,3.401153568853641
389917,3.401153568853641
505579,3.401153568853641
814902,3.401153568853641
245527,3.401153568853641
1462807,3.401153568853641
459444,3.401153568853641
1591721,3.401153568853641
1214125,3.401153568853641
398395,3.401153568853641
2093048,3.401153568853641
1933736,3.401153568853641
1274113,3.401153568853641
1994982,3.401153568853641
258371,3.401153568853641
378543,3.401153568853641
1703266,3.401153568853641
2250647,3.401153568853641
2085688,3.401153568853641
2391227,3.401153568853641
2380848,5.9011535688536405
1116868,3.401153568853641
2157768,3.401153568853641
1306541,3.401153568853641
2174660,3.4473684210526314
1685301,3.4473684210526314
2030264,3.4473684210526314
1419286,3.4473684210526314
2520929,3.4473684210526314
2035568,3.4473684210526314
1288929,3.4473684210526314
1680156,3.4473684210526314
1858104,3.4473684210526314
988266,3.4473684210526314
2633719,3.4473684210526314
156594,3.4473684210526314
1384253,3.4473684210526314
1417842,3.4473684210526314
922636,3.830910070005385
1967058,3.830910070005385
1949297,3.830910070005385
1562927,3.830910070005385
2138373,3.830910070005385
431122,3.830910070005385
1077653,3.830910070005385
167248,3.830910070005385
776126,3.830910070005385
722639,3.830910070005385
2341725,3.830910070005385
1252652,3.830910070005385
251807,3.830910070005385
1751559,3.830910070005385
2398282,3.830910070005385
705246,3.830910070005385
47787,3.830910070005385
1064752,3.830910070005385
2308022,3.830910070005385
2414321,3.830910070005385
945481,3.830910070005385
1854443,3.830910070005385
2035232,3.830910070005385
951643,3.830910070005385
2381070,3.830910070005385
1011906,3.830910070005385
908968,3.830910070005385
2366406,2.010204081632653
1033592,2.010204081632653
249998,2.010204081632653
1205724,2.010204081632653
510391,3.1633217993079583
268014,3.1633217993079583
2511719,3.1633217993079583
661571,3.1633217993079583
1824779,3.1633217993079583
2178013,3.1633217993079583
2104013,3.1633217993079583
1829777,3.1633217993079583
1429287,3.6527777777777777
1321374,3.6527777777777777
2563028,3.6527777777777777
679315,3.6527777777777777
1363076,3.6527777777777777
982889,3.6527777777777777
2107604,3.6527777777777777
2286495,3.6527777777777777
1756370,3.6527777777777777
2317624,3.6527777777777777
2548120,3.6527777777777777
2059382,3.4276911924610367
1210053,3.4276911924610367
1654205,3.4276911924610367
2027932,3.4276911924610367
311377,3.4276911924610367
2161379,3.4276911924610367
1611053,3.4276911924610367
516686,3.4276911924610367
2529292,3.4276911924610367
2248946,3.4276911924610367
1791064,3.141304347826087
401511,3.8340813093980994
2354884,3.8340813093980994
1951605,3.8340813093980994
1609548,3.8340813093980994
2620148,3.8340813093980994
37748,3.8340813093980994
37748,5.834081309398099
2414149,3.8340813093980994
748800,3.8340813093980994
1050405,3.8340813093980994
408479,3.8340813093980994
2361485,3.8340813093980994
97178,3.8340813093980994
329172,3.8340813093980994
307876,3.8340813093980994
812384,3.8340813093980994
1619494,3.8340813093980994
978638,3.8340813093980994
825069,3.8340813093980994
2472069,3.8340813093980994
1837559,3.8340813093980994
1549473,3.8340813093980994
163607,3.8340813093980994
932638,3.8340813093980994
2106623,3.8340813093980994
2611092,3.8340813093980994
2602187,3.8340813093980994
2310492,3.8340813093980994
916375,3.8340813093980994
1591556,3.8340813093980994
2389108,3.8340813093980994
1422109,3.8340813093980994
764479,3.8340813093980994
1945345,3.8340813093980994
2308597,3.8340813093980994
2092389,3.8340813093980994
2505218,3.8340813093980994
1973874,3.8340813093980994
174668,3.8340813093980994
672519,3.8340813093980994
2568396,3.8340813093980994
2015359,3.8340813093980994
2228062,3.8340813093980994
202876,3.8340813093980994
2163080,3.8340813093980994
2422758,3.8340813093980994
536155,3.8340813093980994
1179516,3.8340813093980994
1503954,3.8340813093980994
1967313,3.8340813093980994
2577872,3.8340813093980994
2327767,3.8340813093980994
1169517,3.8340813093980994
2269919,3.8340813093980994
1608374,3.8340813093980994
425537,3.8340813093980994
1658682,3.8340813093980994
669364,3.8340813093980994
2057570,3.8340813093980994
564258,3.8340813093980994
1744450,3.8340813093980994
527270,3.8340813093980994
1656050,3.8340813093980994
2420503,3.8340813093980994
767061,3.8340813093980994
1200899,3.8340813093980994
712624,3.8340813093980994
1955071,3.8340813093980994
347886,3.8340813093980994
1229916,3.8340813093980994
1825013,3.8340813093980994
402519,3.8340813093980994
523629,3.8340813093980994
58130,3.8340813093980994
58130,6.334081309398099
1155332,3.8340813093980994
685923,3.8340813093980994
2605052,3.8340813093980994
865625,3.8340813093980994
919670,3.8340813093980994
1606382,3.8340813093980994
1637481,3.8340813093980994
644233,3.8340813093980994
2011133,3.8340813093980994
2055639,3.8340813093980994
1766599,3.8340813093980994
2032781,3.8340813093980994
2609268,3.8340813093980994
1561126,3.8340813093980994
572440,3.8340813093980994
1986255,2.9728835978835977
1312610,2.9728835978835977
1527666,2.9728835978835977
1606775,2.9728835978835977
1649392,2.9728835978835977
1522640,2.9728835978835977
440956,2.9728835978835977
2293890,3.083623693379791
1141552,3.083623693379791
1823836,3.083623693379791
2551226,3.083623693379791
548690,3.2758620689655173
2518265,3.2758620689655173
1575474,3.2758620689655173
2203195,3.2758620689655173
1578801,3.2758620689655173
2614194,3.2758620689655173
1224756,3.2758620689655173
2157060,3.2758620689655173
1528644,3.2758620689655173
2329101,3.672629257534918
569745,3.672629257534918
640080,3.672629257534918
177766,3.672629257534918
1949239,3.672629257534918
624145,3.672629257534918
709091,3.672629257534918
2104131,3.672629257534918
688765,3.672629257534918
1390809,3.672629257534918
336400,3.672629257534918
1268066,3.672629257534918
470044,3.672629257534918
1791554,3.672629257534918
1920755,3.672629257534918
2317575,3.672629257534918
2488926,3.672629257534918
1212320,3.672629257534918
996425,3.672629257534918
123345,3.672629257534918
799400,3.672629257534918
824189,3.672629257534918
650940,3.672629257534918
1573281,3.672629257534918
910244,3.672629257534918
1547411,3.672629257534918
2222535,3.672629257534918
2458016,3.672629257534918
83110,3.672629257534918
1274574,3.672629257534918
1587304,3.672629257534918
2214218,3.672629257534918
677039,3.672629257534918
1903221,3.672629257534918
1879733,3.672629257534918
662218,3.672629257534918
1563172,3.672629257534918
1724551,3.672629257534918
775034,3.672629257534918
884907,3.672629257534918
2174325,3.672629257534918
739713,3.672629257534918
1169824,3.672629257534918
61009,3.672629257534918
319516,3.672629257534918
750365,3.672629257534918
1819621,3.672629257534918
1989027,3.099162327371519
1227591,3.099162327371519
1810636,3.099162327371519
1335621,3.099162327371519
1001590,3.099162327371519
1207661,3.099162327371519
1401075,3.099162327371519
2403799,3.099162327371519
791223,3.099162327371519
639727,3.099162327371519
1957988,3.099162327371519
1762834,3.099162327371519
1381789,3.099162327371519
334033,3.099162327371519
2107088,2.619047619047619
69088,2.619047619047619
1651047,4.028613352898019
811486,4.028613352898019
2112205,4.028613352898019
2070135,4.028613352898019
2148631,4.028613352898019
2212430,4.028613352898019
822400,4.028613352898019
49255,4.028613352898019
801884,4.028613352898019
1303306,4.028613352898019
2268521,4.028613352898019
929407,4.028613352898019
2172403,4.028613352898019
282064,4.028613352898019
1985000,4.028613352898019
88318,4.028613352898019
1408280,4.028613352898019
2440091,4.028613352898019
1813810,4.028613352898019
1727192,4.028613352898019
2105693,3.8279652351738243
842613,3.8279652351738243
2557615,3.8279652351738243
2125051,3.8279652351738243
397569,3.8279652351738243
2636037,3.8279652351738243
2063030,3.8279652351738243
2159553,3.8279652351738243
1531624,3.8279652351738243
437680,5.077965235173824
2091752,3.8279652351738243
10071,3.8279652351738243
472432,3.8279652351738243
215393,3.8279652351738243
1324372,3.8279652351738243
2619107,3.8279652351738243
1904442,3.8279652351738243
646572,3.8279652351738243
1970420,3.8279652351738243
2461533,3.8279652351738243
1880905,3.8279652351738243
2030429,3.8279652351738243
1845130,3.8279652351738243
1521902,3.8279652351738243
2161,3.8279652351738243
2161,5.077965235173824
2161,5.327965235173824
2161,5.577965235173824
2161,5.727965235173825
2161,5.661298568507157
2161,5.61367952088811
2161,5.702965235173824
2161,5.7168541240627135
2161,5.727965235173825
2134637,3.8279652351738243
417734,3.8279652351738243
1010725,3.8279652351738243
1261548,3.8279652351738243
2316498,3.8279652351738243
2494106,3.8279652351738243
1082992,3.8279652351738243
2541752,3.8279652351738243
1317259,3.8279652351738243
42211,3.8279652351738243
2214676,3.8279652351738243
1554836,3.8279652351738243
234405,3.8279652351738243
41897,3.8279652351738243
41897,5.577965235173824
2536262,3.8279652351738243
2240178,3.8279652351738243
1097048,3.8279652351738243
2124584,3.8279652351738243
671935,3.8279652351738243
1677871,3.8279652351738243
1223288,3.8279652351738243
2192915,3.8279652351738243
2068878,3.8279652351738243
426137,3.8279652351738243
696122,3.8279652351738243
455707,3.8279652351738243
455707,6.077965235173824
1714077,3.8279652351738243
333914,3.8279652351738243
707412,3.8279652351738243
9450,3.8279652351738243
9450,6.077965235173824
9450,5.99463190184049
9450,5.952965235173824
9450,5.827965235173824
1390002,3.8279652351738243
970271,3.8279652351738243
1873549,3.8279652351738243
2494920,3.8279652351738243
32361,3.8279652351738243
556369,3.8279652351738243
504989,3.8279652351738243
1030812,3.8279652351738243
2350832,3.8279652351738243
2401396,3.8279652351738243
2207277,3.8279652351738243
2035729,3.8279652351738243
2646867,3.8279652351738243
1154500,3.8279652351738243
1132428,3.8279652351738243
558523,3.8279652351738243
8580,3.8279652351738243
8580,5.077965235173824
8580,5.327965235173824
8580,5.452965235173824
22964,3.8279652351738243
1595703,3.8279652351738243
1995943,3.8279652351738243
2023361,3.8279652351738243
2437646,3.8279652351738243
2303816,3.8279652351738243
336016,3.8279652351738243
2224280,3.8279652351738243
2438187,3.8279652351738243
2465683,3.8279652351738243
845006,3.8279652351738243
1934299,3.8279652351738243
2021702,3.8279652351738243
725549,3.8279652351738243
2031681,3.8279652351738243
1441351,3.8279652351738243
259822,3.8279652351738243
812240,3.8279652351738243
1723408,3.8279652351738243
1994101,3.8279652351738243
1184088,3.8279652351738243
511569,3.8279652351738243
2008955,3.8279652351738243
576406,3.8279652351738243
1371204,3.8279652351738243
33130,3.8279652351738243
1125370,3.8279652351738243
706530,3.8279652351738243
1511155,3.8279652351738243
1787860,3.8279652351738243
8129,3.8279652351738243
8129,5.827965235173824
8129,5.494631901840491
8129,5.452965235173824
8129,5.627965235173824
2026150,3.8279652351738243
1190492,3.8279652351738243
1581139,3.8279652351738243
1522922,3.8279652351738243
2598077,3.8279652351738243
1647159,3.8279652351738243
2354598,3.8279652351738243
997168,3.8279652351738243
1008576,3.8279652351738243
2046106,3.8279652351738243
1466613,3.8279652351738243
109154,3.8279652351738243
2257846,3.8279652351738243
2525634,3.8279652351738243
1391499,3.8279652351738243
2535303,3.8279652351738243
1394196,3.8279652351738243
1699044,3.8279652351738243
857146,3.8279652351738243
195153,3.8279652351738243
52147,3.8279652351738243
2398282,6.077965235173824
1715538,3.8279652351738243
1981250,3.8279652351738243
1585765,3.8279652351738243
87273,3.8279652351738243
1281611,3.8279652351738243
1549677,3.8279652351738243
355111,3.8279652351738243
383108,3.8279652351738243
180775,3.8279652351738243
730570,3.8279652351738243
1961276,3.8279652351738243
1850833,3.8279652351738243
228544,3.8279652351738243
2344026,3.8279652351738243
1841778,3.8279652351738243
1372729,3.8279652351738243
1801097,3.8279652351738243
1197941,3.8279652351738243
2006300,3.8279652351738243
1227437,3.8279652351738243
1438082,3.8279652351738243
1109446,3.8279652351738243
1956794,3.8279652351738243
1791704,3.8279652351738243
1914110,3.8279652351738243
992576,3.8279652351738243
264916,3.8279652351738243
578055,3.8279652351738243
782690,3.8279652351738243
2383290,3.8279652351738243
1544559,3.8279652351738243
2179884,3.8279652351738243
173760,3.8279652351738243
747219,3.8279652351738243
1782055,3.8279652351738243
2646027,3.8279652351738243
1984941,3.8279652351738243
440949,3.8279652351738243
924842,3.8279652351738243
755689,3.8279652351738243
1211291,3.8279652351738243
2574257,3.8279652351738243
2345522,3.8279652351738243
220702,3.8279652351738243
730768,3.8279652351738243
2469669,3.8279652351738243
1409483,3.8279652351738243
713561,3.8279652351738243
1994152,3.8279652351738243
734075,3.8279652351738243
1815129,3.8279652351738243
1396608,3.8279652351738243
1742906,3.8279652351738243
1573284,3.8279652351738243
2570733,3.8279652351738243
171163,3.8279652351738243
2090999,3.8279652351738243
1636781,3.8279652351738243
275039,3.8279652351738243
2332819,3.8279652351738243
174415,3.8279652351738243
730375,3.8279652351738243
218046,3.8279652351738243
915942,3.8279652351738243
875205,3.8279652351738243
2418467,3.8279652351738243
1384878,3.8279652351738243
586402,3.8279652351738243
2460085,3.8279652351738243
1493212,3.8279652351738243
54040,3.8279652351738243
1445403,3.8279652351738243
2067671,3.8279652351738243
2186035,3.8279652351738243
25266,3.8279652351738243
260961,3.8279652351738243
1451269,3.8279652351738243
2213786,3.8279652351738243
130601,3.8279652351738243
1643234,3.8279652351738243
1010065,3.8279652351738243
1752442,3.8279652351738243
123767,3.8279652351738243
2063882,3.8279652351738243
2178343,3.8279652351738243
1722278,3.8279652351738243
1449174,3.8279652351738243
387679,3.8279652351738243
76156,3.8279652351738243
76156,4.827965235173824
442546,3.8279652351738243
253214,3.239269406392694
612895,3.239269406392694
769764,3.239269406392694
396150,3.239269406392694
2555464,3.239269406392694
1988133,3.239269406392694
560277,3.239269406392694
1839686,3.239269406392694
2569369,3.239269406392694
1845071,3.239269406392694
1627613,3.239269406392694
948108,3.239269406392694
1316833,3.239269406392694
911710,3.239269406392694
885147,3.0842391304347827
1144499,3.0842391304347827
1411630,3.0842391304347827
1069925,3.0842391304347827
836219,3.0842391304347827
1417121,3.0842391304347827
461985,3.0842391304347827
1148007,3.0842391304347827
102104,2.676190476190476
910485,3.0542398777692896
1970126,3.0542398777692896
1557423,3.0542398777692896
2148643,3.0542398777692896
1520624,3.0542398777692896
1231161,3.0542398777692896
1590435,3.0542398777692896
1913414,3.0542398777692896
1535671,3.0542398777692896
2412109,3.0542398777692896
1096854,3.0542398777692896
1233953,3.0542398777692896
225310,3.0542398777692896
184574,3.0542398777692896
2598077,4.554239877769289
1835453,3.0542398777692896
1116907,3.0542398777692896
1418549,3.0542398777692896
118064,3.0542398777692896
1000266,3.0542398777692896
233338,3.0542398777692896
348207,3.0542398777692896
849925,3.0542398777692896
350505,3.0542398777692896
2563972,3.0542398777692896
158703,3.0542398777692896
1501401,3.0542398777692896
721577,3.0542398777692896
1809784,3.0542398777692896
1891207,3.0542398777692896
288998,3.0542398777692896
2417853,2.9125423728813558
1207062,2.9125423728813558
2487973,2.9125423728813558
869522,3.088697017268446
61343,3.088697017268446
1325876,3.088697017268446
1786012,4.088697017268446
2387403,3.088697017268446
1595112,3.088697017268446
505035,3.088697017268446
181533,3.088697017268446
786031,3.088697017268446
1695980,3.088697017268446
60322,3.088697017268446
1837857,3.088697017268446
1690337,3.088697017268446
1102436,3.088697017268446
47942,3.088697017268446
1772519,3.088697017268446
1383323,3.088697017268446
2087310,3.088697017268446
299599,3.088697017268446
2472289,3.088697017268446
2493763,3.088697017268446
1634482,3.088697017268446
506757,3.088697017268446
2448355,3.088697017268446
2626214,3.088697017268446
1099321,3.088697017268446
482812,3.088697017268446
1312680,3.088697017268446
1011503,3.088697017268446
1674011,3.088697017268446
803169,3.088697017268446
86062,4.504035123337732
86062,6.754035123337732
86062,6.670701790004399
86062,6.754035123337732
449288,4.504035123337732
1200637,4.504035123337732
826793,4.504035123337732
358207,4.504035123337732
2478232,4.504035123337732
1652074,4.504035123337732
738504,4.504035123337732
2349053,4.504035123337732
1359901,4.504035123337732
1936779,4.504035123337732
501007,4.504035123337732
640618,4.504035123337732
2075263,4.504035123337732
618643,4.504035123337732
1852416,4.504035123337732
2588589,4.504035123337732
1561,4.504035123337732
1561,6.754035123337732
1561,6.837368456671065
1561,6.879035123337732
1561,6.9040351233377315
1561,6.837368456671065
1561,6.861177980480589
1561,6.879035123337732
1561,6.78181290111551
1561,6.754035123337732
1561,6.7767623960650045
1561,6.795701790004399
1561,6.734804354106963
1561,6.754035123337732
1561,6.704035123337732
1561,6.691535123337732
1561,6.709917476278909
1561,6.698479567782177
1561,6.7145614391272055
1561,6.729035123337733
1561,6.7183208376234465
1561,6.708580577883186
1561,6.699687297250776
1561,6.712368456671065
1561,6.704035123337732
1561,6.715573584876194
1561,6.707738827041435
1561,6.7183208376234465
1561,6.728173054372215
1561,6.737368456671065
1561,6.729841574950635
1561,6.738410123337732
1561,6.746459365761974
1561,6.754035123337732
1561,6.761177980480589
1561,6.76792401222662
1561,6.774305393608002
1561,6.767193018074574
1561,6.773265892568501
1561,6.7790351233377315
1561,6.784522928215781
1561,6.777844647147256
1561,6.783104890779592
1561,6.788126032428641
1561,6.78181290111551
1561,6.786643818989906
1561,6.791269165890924
1561,6.795701790004399
1561,6.799953490684671
1561,6.794035123337732
1561,6.798152770396555
1561,6.79249666179927
1561,6.796487953526411
1561,6.78181290111551
1561,6.785853305155914
1561,6.789749409052018
1561,6.775964947899135
1561,6.779897192303249
1561,6.775221564015698
1561,6.770701790004399
1561,6.774526926616421
1561,6.778228671724829
1561,6.78181290111551
1561,6.785285123337732
1561,6.780958200260809
1561,6.784338153640762
1561,6.787617212889971
1561,6.790799829220084
1561,6.7938901958015006
1561,6.796892266194875
1561,6.799809771225056
1561,6.802646234448844
1561,6.798555671282937
1561,6.794575663878272
1561,6.797368456671066
1561,6.786929860179837
1561,6.789749409052018
1561,6.79249666179927
1561,6.795174363844062
1561,6.791535123337733
433300,4.504035123337732
1824896,4.504035123337732
927805,4.504035123337732
1302047,4.504035123337732
799952,4.504035123337732
1628424,4.504035123337732
42498,4.504035123337732
42498,6.504035123337732
42498,6.670701790004399
442949,4.504035123337732
442949,7.004035123337732
214174,4.504035123337732
592214,4.504035123337732
821426,4.504035123337732
1928744,4.504035123337732
1583895,4.504035123337732
2222492,4.504035123337732
2289165,4.504035123337732
1693660,4.504035123337732
1177074,4.504035123337732
1857643,4.504035123337732
780937,4.504035123337732
763194,4.504035123337732
18335,4.504035123337732
18335,6.504035123337732
18335,6.504035123337732
18335,6.629035123337732
18335,6.604035123337733
18335,6.670701790004399
18335,6.7183208376234465
1207292,4.504035123337732
864349,4.504035123337732
1848920,4.504035123337732
1663166,4.504035123337732
1073838,4.504035123337732
1729740,4.504035123337732
2184817,4.504035123337732
435239,4.504035123337732
1586124,4.504035123337732
367549,4.504035123337732
1504619,4.504035123337732
2121851,4.504035123337732
1311522,4.504035123337732
1158233,4.504035123337732
1786012,5.504035123337732
1813345,4.504035123337732
1725691,4.504035123337732
235364,4.504035123337732
2011360,4.504035123337732
1219488,4.504035123337732
1304553,4.504035123337732
1081209,4.504035123337732
355734,4.504035123337732
1207654,4.504035123337732
1554383,4.504035123337732
1552853,4.504035123337732
918917,4.504035123337732
1361045,4.504035123337732
1349810,4.504035123337732
1678227,4.504035123337732
2147040,4.504035123337732
2000309,4.504035123337732
1993790,4.504035123337732
1117935,4.504035123337732
157714,4.504035123337732
1648860,4.504035123337732
1236919,4.504035123337732
1785115,4.504035123337732
1667218,4.504035123337732
1983122,4.504035123337732
2113817,4.504035123337732
1019547,4.504035123337732
826291,4.504035123337732
392760,4.504035123337732
277127,4.504035123337732
224519,4.504035123337732
2178014,4.504035123337732
1756743,4.504035123337732
966437,4.504035123337732
2426972,4.504035123337732
2410757,4.504035123337732
72630,4.504035123337732
72630,6.754035123337732
72630,6.837368456671065
415554,4.504035123337732
1421967,4.504035123337732
1330313,4.504035123337732
1588401,4.504035123337732
1101658,4.504035123337732
559674,4.504035123337732
2635311,4.504035123337732
1303129,4.504035123337732
2429347,4.504035123337732
825911,4.504035123337732
2365447,4.504035123337732
664298,4.504035123337732
1077278,4.504035123337732
1849693,4.504035123337732
1856770,4.504035123337732
1195825,4.504035123337732
1244852,4.504035123337732
1489868,4.504035123337732
1294368,4.504035123337732
977299,4.504035123337732
2582290,4.504035123337732
1681172,4.504035123337732
428062,4.504035123337732
602626,4.504035123337732
2603832,4.504035123337732
7766,4.504035123337732
7766,6.754035123337732
7766,6.670701790004399
7766,6.629035123337732
7766,6.704035123337732
7766,6.670701790004399
7766,6.7183208376234465
7766,6.691535123337732
7766,6.726257345559954
7766,6.704035123337732
7766,6.685853305155914
7766,6.670701790004399
7766,6.657881277183886
7766,6.68260655190916
7766,6.670701790004399
7766,6.691535123337732
7766,6.709917476278909
7766,6.726257345559954
7766,6.7408772286008904
7766,6.729035123337733
7766,6.74213036143297
7766,6.7313078506104596
7766,6.7431655581203405
7766,6.754035123337732
7766,6.744035123337732
7766,6.734804354106963
7766,6.744775864078473
7766,6.736177980480589
7766,6.728173054372215
7766,6.720701790004399
7766,6.729841574950635
7766,6.738410123337732
7766,6.746459365761974
7766,6.739329240984791
2427774,4.504035123337732
1605305,4.504035123337732
392602,4.504035123337732
1408842,4.504035123337732
1546331,4.504035123337732
571530,4.504035123337732
658627,4.504035123337732
658627,7.004035123337732
1411717,4.504035123337732
2060760,4.504035123337732
997695,4.504035123337732
1772203,4.504035123337732
136341,4.504035123337732
1255980,4.504035123337732
1406374,4.504035123337732
1244512,4.504035123337732
664419,4.504035123337732
1285139,4.504035123337732
1124097,4.504035123337732
183462,4.504035123337732
183462,6.754035123337732
2158577,4.504035123337732
39518,4.504035123337732
39518,7.004035123337732
39518,7.004035123337732
123923,4.504035123337732
123923,6.754035123337732
1115357,4.504035123337732
1950649,4.504035123337732
1055743,4.504035123337732
759913,4.504035123337732
2176148,4.504035123337732
1900271,4.504035123337732
2561288,4.504035123337732
1648015,4.504035123337732
1878820,4.504035123337732
2490806,4.504035123337732
2450398,4.504035123337732
340411,4.504035123337732
1829200,4.504035123337732
2420556,4.504035123337732
135158,4.504035123337732
2602447,4.504035123337732
510657,4.504035123337732
2568440,4.504035123337732
860456,4.504035123337732
2409399,4.504035123337732
2482520,4.504035123337732
1555238,4.504035123337732
2338393,4.504035123337732
2034961,4.504035123337732
2421856,4.504035123337732
2483895,4.504035123337732
1738659,4.504035123337732
1016514,4.504035123337732
648196,4.504035123337732
1464896,4.504035123337732
3521,4.504035123337732
3521,6.504035123337732
3521,6.504035123337732
3521,6.629035123337732
3521,6.504035123337732
3521,6.504035123337732
3521,6.575463694766304
3521,6.629035123337732
3521,6.615146234448844
3521,6.604035123337733
3521,6.640398759701368
3521,6.629035123337732
3521,6.58095820026081
3521,6.611177980480589
3521,6.637368456671066
3521,6.660285123337732
3521,6.680505711573026
3521,6.670701790004399
3521,6.661929860179837
3521,6.679035123337732
3521,6.670701790004399
3521,6.685853305155914
3521,6.699687297250776
3521,6.712368456671065
3521,6.684035123337733
3521,6.6771120464146545
3521,6.670701790004399
3521,6.68260655190916
3521,6.693690295751525
3521,6.704035123337732
3521,6.713712542692571
3521,6.707160123337732
3521,6.716156335458944
3521,6.72462335863185
3521,6.7183208376234465
3521,6.726257345559954
3521,6.733764853067462
3521,6.7408772286008904
1427855,4.504035123337732
2162416,4.504035123337732
480507,4.504035123337732
605806,4.504035123337732
1582589,4.504035123337732
2260949,4.504035123337732
126913,4.504035123337732
1462261,4.504035123337732
1501345,4.504035123337732
1818803,4.504035123337732
2531096,4.504035123337732
2162935,4.504035123337732
1249250,4.504035123337732
1165360,4.504035123337732
706887,4.504035123337732
1213808,4.504035123337732
1931370,4.504035123337732
2571652,4.504035123337732
936928,4.504035123337732
2465115,4.504035123337732
1293776,4.504035123337732
2063559,4.504035123337732
1594234,4.504035123337732
1521559,4.504035123337732
1302357,4.504035123337732
1929636,4.504035123337732
1570293,4.504035123337732
1236841,4.504035123337732
1645365,4.504035123337732
278603,4.504035123337732
1575191,4.504035123337732
1553813,4.504035123337732
793065,4.504035123337732
52189,4.504035123337732
52189,7.004035123337732
52189,7.004035123337732
52189,7.004035123337732
52189,7.004035123337732
365149,4.504035123337732
365149,6.754035123337732
1287583,4.504035123337732
972752,4.504035123337732
2523359,4.504035123337732
1625264,4.504035123337732
1055810,4.504035123337732
1053673,4.504035123337732
2588945,4.504035123337732
317437,4.504035123337732
1819410,4.504035123337732
1933557,4.504035123337732
1624788,4.504035123337732
780973,4.504035123337732
1823605,4.504035123337732
2522864,4.504035123337732
582720,4.504035123337732
109760,4.504035123337732
2166670,4.504035123337732
2136527,4.504035123337732
2498038,4.504035123337732
1343496,4.504035123337732
208264,4.504035123337732
2228961,4.504035123337732
1743516,4.504035123337732
569551,4.504035123337732
2198877,5.754035123337732
2244219,4.504035123337732
1135675,4.504035123337732
1808448,4.504035123337732
1036933,4.504035123337732
1648727,4.504035123337732
1493909,4.504035123337732
763919,4.504035123337732
1377376,4.504035123337732
113283,4.504035123337732
113283,6.754035123337732
2103203,4.504035123337732
350940,4.504035123337732
55480,4.504035123337732
55480,7.004035123337732
55480,7.004035123337732
55480,6.879035123337732
573087,4.504035123337732
1863195,4.504035123337732
1268644,4.504035123337732
1818373,4.504035123337732
639330,4.504035123337732
2444942,4.504035123337732
1959768,4.504035123337732
402940,4.504035123337732
276644,4.504035123337732
2566670,4.504035123337732
1595082,4.504035123337732
618895,4.504035123337732
847600,4.504035123337732
1737562,4.504035123337732
2306124,4.504035123337732
2172898,4.504035123337732
2132469,4.504035123337732
2338966,4.504035123337732
312508,4.504035123337732
671859,4.504035123337732
2270326,4.504035123337732
1039740,4.504035123337732
411152,4.504035123337732
2249254,4.504035123337732
1492074,4.504035123337732
1023326,4.504035123337732
664256,4.504035123337732
664256,7.004035123337732
2171578,4.504035123337732
1995060,4.504035123337732
1028345,4.504035123337732
578830,4.504035123337732
578830,7.004035123337732
1082955,4.504035123337732
116977,4.504035123337732
116977,7.004035123337732
1097029,4.504035123337732
1543693,4.504035123337732
2623937,4.504035123337732
931718,4.504035123337732
2524430,4.504035123337732
1116457,4.504035123337732
1838796,4.504035123337732
1661807,4.504035123337732
2166373,4.504035123337732
1519036,4.504035123337732
973661,4.504035123337732
973661,6.754035123337732
551679,4.504035123337732
1039680,4.504035123337732
827712,4.504035123337732
417124,4.504035123337732
2346483,4.504035123337732
42318,4.504035123337732
42318,6.754035123337732
42318,6.837368456671065
1712565,4.504035123337732
1867253,4.504035123337732
818856,4.504035123337732
159934,4.504035123337732
1619493,4.504035123337732
2344760,4.504035123337732
1368605,4.504035123337732
355145,4.504035123337732
1598894,4.504035123337732
1486764,4.504035123337732
2304981,4.504035123337732
292258,4.504035123337732
1420468,4.504035123337732
2573652,4.504035123337732
2162543,4.504035123337732
429190,4.504035123337732
1818401,4.504035123337732
138064,4.504035123337732
138064,6.504035123337732
1507820,4.504035123337732
1384977,4.504035123337732
1882731,4.504035123337732
823838,4.504035123337732
96722,4.504035123337732
96722,7.004035123337732
96722,6.670701790004399
2174770,4.504035123337732
533720,4.504035123337732
1248655,4.504035123337732
245303,4.504035123337732
245303,6.754035123337732
1392109,4.504035123337732
2224280,6.754035123337732
2206144,4.504035123337732
2191211,4.504035123337732
1857745,4.504035123337732
2036644,4.504035123337732
1093116,4.504035123337732
348805,4.504035123337732
348805,6.504035123337732
1252628,4.504035123337732
295633,4.504035123337732
222099,4.504035123337732
1585818,4.504035123337732
1846238,4.504035123337732
1891654,4.504035123337732
1371746,4.504035123337732
2126325,4.504035123337732
1874942,4.504035123337732
2088365,4.504035123337732
473956,4.504035123337732
2352245,4.504035123337732
1084427,4.504035123337732
2621148,4.504035123337732
118538,4.504035123337732
118538,6.754035123337732
1756093,4.504035123337732
2090086,4.504035123337732
1538823,4.504035123337732
2639268,4.504035123337732
2287172,4.504035123337732
1683784,4.504035123337732
1529511,4.504035123337732
1149851,4.504035123337732
1381957,4.504035123337732
1316391,4.504035123337732
2176281,4.504035123337732
1968900,4.504035123337732
22601,4.504035123337732
22601,6.504035123337732
22601,6.504035123337732
22601,6.629035123337732
22601,6.604035123337733
22601,6.587368456671065
22601,6.646892266194875
22601,6.629035123337732
22601,6.670701790004399
2448196,4.504035123337732
1442411,4.504035123337732
1926334,4.504035123337732
1298111,4.504035123337732
2575043,4.504035123337732
294682,4.504035123337732
2082092,4.504035123337732
710030,4.504035123337732
1070065,4.504035123337732
2075183,4.504035123337732
2644901,4.504035123337732
312211,4.504035123337732
2340041,4.504035123337732
2426516,4.504035123337732
2049285,4.504035123337732
786420,4.504035123337732
2354891,4.504035123337732
1582028,4.504035123337732
2391518,4.504035123337732
1691088,4.504035123337732
1842969,4.504035123337732
1992363,4.504035123337732
739018,4.504035123337732
1700387,4.504035123337732
2138553,4.504035123337732
2562504,4.504035123337732
896747,4.504035123337732
1965448,4.504035123337732
2414774,4.504035123337732
774877,4.504035123337732
1862369,4.504035123337732
256499,4.504035123337732
1526753,4.504035123337732
1322407,4.504035123337732
493407,4.504035123337732
181582,4.504035123337732
181582,6.754035123337732
1349128,4.504035123337732
66894,4.504035123337732
66894,6.504035123337732
1915074,4.504035123337732
10044,4.504035123337732
10044,7.004035123337732
10044,6.837368456671065
10044,6.754035123337732
2246937,4.504035123337732
372787,4.504035123337732
1095830,4.504035123337732
997960,4.504035123337732
1913378,4.504035123337732
1166011,4.504035123337732
2458049,4.504035123337732
1441831,4.504035123337732
2164887,4.504035123337732
2621082,4.504035123337732
1382836,4.504035123337732
162753,4.504035123337732
162753,7.004035123337732
800145,4.504035123337732
508727,4.504035123337732
1937981,4.504035123337732
222333,4.504035123337732
1624040,4.504035123337732
1310028,4.504035123337732
745039,4.504035123337732
2166473,4.504035123337732
1111762,4.504035123337732
1006456,4.504035123337732
2378211,4.504035123337732
1663338,4.504035123337732
2428228,4.504035123337732
1860465,4.504035123337732
637958,4.504035123337732
1443724,4.504035123337732
2519453,4.504035123337732
435157,4.504035123337732
1597816,4.504035123337732
2266623,4.504035123337732
732802,4.504035123337732
2207228,4.504035123337732
2320873,4.504035123337732
914857,4.504035123337732
822956,4.504035123337732
1869720,4.504035123337732
19534,4.504035123337732
19534,7.004035123337732
19534,7.004035123337732
19534,7.004035123337732
19534,7.004035123337732
19534,7.004035123337732
19534,7.004035123337732
19534,7.004035123337732
19534,7.004035123337732
19534,7.004035123337732
19534,7.004035123337732
19534,6.962368456671065
601966,4.504035123337732
2016115,4.504035123337732
2056799,4.504035123337732
954656,4.504035123337732
2484300,4.504035123337732
1221673,4.504035123337732
1154815,4.504035123337732
1233495,4.504035123337732
2174615,4.504035123337732
1152899,4.504035123337732
1329179,4.504035123337732
994894,4.504035123337732
1746493,4.504035123337732
1504708,4.504035123337732
2610750,4.504035123337732
1387120,4.504035123337732
2506300,4.504035123337732
2126942,4.504035123337732
427637,4.504035123337732
1531823,4.504035123337732
2609002,4.504035123337732
1941232,4.504035123337732
1860386,4.504035123337732
1693021,4.504035123337732
1227734,4.504035123337732
2583938,4.504035123337732
1647980,4.504035123337732
1593278,4.504035123337732
2198713,4.504035123337732
1665375,4.504035123337732
350839,4.504035123337732
1605801,4.504035123337732
1019149,4.504035123337732
1576336,4.504035123337732
2373735,4.504035123337732
1739377,4.504035123337732
425953,4.504035123337732
1202106,4.504035123337732
133101,4.504035123337732
2328661,4.504035123337732
906985,4.504035123337732
624733,4.504035123337732
83805,4.504035123337732
83805,6.754035123337732
2073663,4.504035123337732
2082786,4.504035123337732
2380160,4.504035123337732
1005584,4.504035123337732
319250,4.504035123337732
779887,4.504035123337732
1034379,4.504035123337732
1435637,4.504035123337732
460540,4.504035123337732
1145793,4.504035123337732
1457053,4.504035123337732
2517184,4.504035123337732
1783909,4.504035123337732
764659,4.504035123337732
177646,4.504035123337732
2109572,4.504035123337732
1460379,4.504035123337732
1822764,4.504035123337732
1126179,4.504035123337732
102451,4.504035123337732
306130,4.504035123337732
2481821,4.504035123337732
1650395,4.504035123337732
1595895,4.504035123337732
200147,4.504035123337732
989696,4.504035123337732
308798,4.504035123337732
2478700,4.504035123337732
874887,4.504035123337732
1057675,4.504035123337732
51049,4.504035123337732
1490653,4.504035123337732
1219200,4.504035123337732
2384176,4.504035123337732
580058,4.504035123337732
2465985,4.504035123337732
1894354,4.504035123337732
346750,4.504035123337732
1770017,4.504035123337732
748664,4.504035123337732
2608024,4.504035123337732
1838411,4.504035123337732
1472853,4.504035123337732
2436848,4.504035123337732
2310036,4.504035123337732
792857,4.504035123337732
555123,4.504035123337732
409621,4.504035123337732
389183,4.504035123337732
1747641,4.504035123337732
2508315,4.504035123337732
1825107,4.504035123337732
2386027,4.504035123337732
2319476,4.504035123337732
1229941,4.504035123337732
1929359,4.504035123337732
1889550,4.504035123337732
1270747,4.504035123337732
836219,6.254035123337732
587070,4.504035123337732
886780,4.504035123337732
632633,4.504035123337732
1991078,4.504035123337732
1121007,4.504035123337732
8169,4.504035123337732
8169,6.754035123337732
8169,6.670701790004399
8169,6.629035123337732
8169,6.4040351233377315
8169,6.337368456671065
8169,6.2183208376234465
8169,6.254035123337732
8169,6.28181290111551
8169,6.354035123337733
8169,6.2313078506104596
8169,6.254035123337732
8169,6.234804354106963
8169,6.254035123337732
8169,6.270701790004399
8169,6.285285123337732
8169,6.327564535102438
8169,6.365146234448844
8169,6.346140386495627
8169,6.379035123337732
8169,6.408797028099636
8169,6.413126032428641
8169,6.438817732033384
8169,6.462368456671065
8169,6.484035123337732
8169,6.504035123337732
8169,6.504035123337732
8169,6.521892266194875
8169,6.5385178819584215
8169,6.554035123337732
8169,6.56855125236999
8169,6.582160123337732
389419,4.504035123337732
839344,4.504035123337732
2014151,4.504035123337732
1212380,4.504035123337732
1937443,4.504035123337732
1557284,4.504035123337732
1697504,4.504035123337732
537147,4.504035123337732
135015,4.504035123337732
575716,4.504035123337732
1825204,4.504035123337732
1113423,4.504035123337732
235666,4.504035123337732
235666,6.754035123337732
622634,4.504035123337732
622634,6.754035123337732
1964770,4.504035123337732
292526,4.504035123337732
745471,4.504035123337732
2329488,4.504035123337732
1210584,4.504035123337732
2328842,4.504035123337732
2089117,4.504035123337732
403322,4.504035123337732
1496394,4.504035123337732
2402345,4.504035123337732
896521,4.504035123337732
896521,6.754035123337732
1882574,4.504035123337732
115631,4.504035123337732
2082102,4.504035123337732
2578535,4.504035123337732
946605,4.504035123337732
925050,4.504035123337732
868648,4.504035123337732
151106,4.504035123337732
882246,4.504035123337732
557729,4.504035123337732
2357555,4.504035123337732
2551673,4.504035123337732
365214,4.504035123337732
136368,4.504035123337732
2642466,4.504035123337732
989629,4.504035123337732
1182445,4.504035123337732
1450570,4.504035123337732
1276979,4.504035123337732
2013806,4.504035123337732
658685,4.504035123337732
2356480,4.504035123337732
817008,4.504035123337732
924727,4.504035123337732
8092,4.504035123337732
8092,6.754035123337732
8092,6.670701790004399
8092,6.754035123337732
8092,6.704035123337732
8092,6.670701790004399
8092,6.7183208376234465
8092,6.629035123337732
8092,6.615146234448844
8092,6.6540351233377315
8092,6.640398759701368
8092,6.587368456671065
8092,6.619419738722348
8092,6.646892266194875
8092,6.670701790004399
8092,6.691535123337732
8092,6.709917476278909
8092,6.726257345559954
8092,6.7408772286008904
8092,6.729035123337733
8092,6.7183208376234465
8092,6.708580577883186
8092,6.721426427685558
8092,6.733201790004399
8092,6.724035123337732
8092,6.715573584876194
8092,6.726257345559954
8092,6.700463694766304
8092,6.71093167506187
8092,6.720701790004399
8092,6.713712542692571
8092,6.707160123337732
8092,6.701004820307428
8092,6.6952115939259675
8092,6.704035123337732
8092,6.698479567782177
8092,6.693224312526921
8092,6.701403544390363
1047833,4.504035123337732
767017,4.504035123337732
604042,4.504035123337732
2644973,4.504035123337732
659730,4.504035123337732
1623969,4.504035123337732
1522395,4.504035123337732
2056003,4.504035123337732
2626093,4.504035123337732
2499841,4.504035123337732
767701,4.504035123337732
695747,4.504035123337732
101137,4.504035123337732
623868,4.504035123337732
597245,4.504035123337732
505651,4.504035123337732
844638,4.504035123337732
1633749,4.504035123337732
241785,4.504035123337732
2457361,4.504035123337732
2459146,4.504035123337732
2165664,4.504035123337732
2340925,4.504035123337732
33771,4.504035123337732
33771,6.754035123337732
33771,6.837368456671065
33771,6.879035123337732
33771,6.804035123337732
33771,6.837368456671065
452955,4.504035123337732
1452581,4.504035123337732
1247427,4.504035123337732
2004273,4.504035123337732
258266,4.504035123337732
1013608,4.504035123337732
1501998,4.504035123337732
1094319,4.504035123337732
737036,4.504035123337732
2077649,4.504035123337732
1520122,4.504035123337732
1703700,4.504035123337732
2646469,4.504035123337732
2383161,4.504035123337732
1658366,4.504035123337732
1552674,4.504035123337732
1689524,4.504035123337732
318829,4.504035123337732
1384467,4.504035123337732
585344,4.504035123337732
2138445,4.504035123337732
545822,4.504035123337732
1331750,4.504035123337732
1966789,4.504035123337732
727461,4.504035123337732
1139081,4.504035123337732
1360249,4.504035123337732
528277,4.504035123337732
2044027,4.504035123337732
2253265,4.504035123337732
860927,4.504035123337732
117293,4.504035123337732
79447,4.504035123337732
79447,6.254035123337732
187518,4.504035123337732
187518,7.004035123337732
120454,4.504035123337732
120454,7.004035123337732
1185359,4.504035123337732
2289046,4.504035123337732
1033612,4.504035123337732
702625,4.504035123337732
541917,4.504035123337732
541917,7.004035123337732
2029954,4.504035123337732
723613,4.504035123337732
247386,4.504035123337732
2342652,4.504035123337732
1495389,4.504035123337732
2223771,4.504035123337732
2159398,4.504035123337732
323838,4.504035123337732
1947574,4.504035123337732
1667322,4.504035123337732
1206394,4.504035123337732
645655,4.504035123337732
2357186,4.504035123337732
2267376,4.504035123337732
1292687,4.504035123337732
2155386,4.504035123337732
2293172,4.504035123337732
670517,4.504035123337732
2547289,4.504035123337732
1118042,4.504035123337732
2342489,4.504035123337732
382105,4.504035123337732
1729693,4.504035123337732
987437,4.504035123337732
1209681,4.504035123337732
1652220,4.504035123337732
2022482,4.504035123337732
1702328,4.504035123337732
1353383,4.504035123337732
49943,4.504035123337732
49943,6.754035123337732
49943,6.837368456671065
49943,6.879035123337732
49943,6.9040351233377315
2012677,4.504035123337732
1133449,4.504035123337732
1622444,4.504035123337732
68197,4.504035123337732
68197,6.504035123337732
68197,6.670701790004399
68197,6.754035123337732
68197,6.604035123337733
68197,6.587368456671065
127851,4.504035123337732
2410691,4.504035123337732
622755,4.504035123337732
622755,7.004035123337732
1243693,4.504035123337732
1575870,4.504035123337732
1019582,4.504035123337732
147701,4.504035123337732
2407792,4.504035123337732
2395730,4.504035123337732
285713,4.504035123337732
285713,6.504035123337732
2239486,4.504035123337732
420500,4.504035123337732
1386369,4.504035123337732
514932,4.504035123337732
1313601,4.504035123337732
1049502,4.504035123337732
23803,4.504035123337732
23803,7.004035123337732
23803,6.837368456671065
23803,6.879035123337732
23803,6.9040351233377315
23803,6.920701790004399
23803,6.93260655190916
23803,6.816535123337732
23803,6.837368456671065
23803,6.854035123337733
23803,6.82221694151955
2102387,4.504035123337732
2343253,4.504035123337732
830599,4.504035123337732
1354042,4.504035123337732
1817991,4.504035123337732
838656,4.504035123337732
1944008,4.504035123337732
1083261,4.504035123337732
2430768,4.504035123337732
1241598,4.504035123337732
770598,4.504035123337732
2123985,4.504035123337732
1323857,4.504035123337732
1271387,4.504035123337732
1391737,4.504035123337732
2076144,4.504035123337732
376617,4.504035123337732
150344,4.504035123337732
485811,4.504035123337732
1892620,4.504035123337732
1438395,4.504035123337732
616247,4.504035123337732
879408,4.504035123337732
524762,4.504035123337732
75436,4.504035123337732
75436,6.754035123337732
75436,6.837368456671065
1660746,4.504035123337732
896185,4.504035123337732
1855318,4.504035123337732
1568122,4.504035123337732
1749501,4.504035123337732
1748093,4.504035123337732
2202995,4.504035123337732
47541,4.504035123337732
47541,6.754035123337732
47541,6.670701790004399
47541,6.754035123337732
753618,4.504035123337732
2093714,4.504035123337732
2169244,4.504035123337732
1753788,4.504035123337732
2019369,4.504035123337732
2154522,4.504035123337732
909921,4.504035123337732
792199,4.504035123337732
2393691,4.504035123337732
622800,4.504035123337732
1749443,4.504035123337732
1063941,4.504035123337732
1055707,4.504035123337732
2433557,4.504035123337732
1012788,4.504035123337732
2394417,4.504035123337732
834820,4.10299727520436
852886,4.10299727520436
2204494,4.10299727520436
774717,4.10299727520436
1406050,4.10299727520436
2317868,4.10299727520436
202667,4.10299727520436
1728377,4.10299727520436
2048837,4.10299727520436
1103080,4.10299727520436
510319,4.10299727520436
2314914,4.10299727520436
2460018,4.10299727520436
969342,4.10299727520436
2596709,4.10299727520436
1267391,4.10299727520436
473246,4.10299727520436
2196025,4.10299727520436
13407,4.10299727520436
2057736,4.10299727520436
2488192,4.10299727520436
2389901,4.10299727520436
600986,4.10299727520436
1538160,4.10299727520436
2379921,4.10299727520436
1589215,4.10299727520436
725549,5.85299727520436
1992993,4.10299727520436
2511165,4.10299727520436
1767457,4.10299727520436
2498387,4.10299727520436
415150,4.10299727520436
625713,4.10299727520436
703872,4.10299727520436
799557,4.10299727520436
1001653,4.10299727520436
836253,4.10299727520436
1975605,4.10299727520436
1567145,4.10299727520436
99512,4.10299727520436
328303,4.10299727520436
627617,4.10299727520436
2541048,4.10299727520436
381361,4.10299727520436
19679,4.10299727520436
2273335,4.10299727520436
2335827,4.10299727520436
772801,4.10299727520436
618428,4.10299727520436
1186231,4.10299727520436
1876612,4.10299727520436
669032,4.10299727520436
944845,4.10299727520436
202018,4.10299727520436
2359108,4.10299727520436
2288808,4.10299727520436
291590,4.10299727520436
2448971,4.10299727520436
8061,4.10299727520436
1170683,4.10299727520436
1056747,4.10299727520436
1737686,4.10299727520436
142616,4.10299727520436
1921572,4.10299727520436
1443524,3.566922297786138
2179335,3.566922297786138
1641999,3.566922297786138
1084367,3.566922297786138
414171,3.566922297786138
1618140,3.566922297786138
2562136,3.566922297786138
2502874,3.566922297786138
2625427,3.566922297786138
2604177,3.566922297786138
1286332,3.566922297786138
136596,3.566922297786138
1643730,3.566922297786138
2605544,3.566922297786138
830051,3.566922297786138
2241622,3.566922297786138
421029,3.566922297786138
2202698,3.566922297786138
2053887,3.566922297786138
2399246,3.566922297786138
1453293,3.566922297786138
939013,3.566922297786138
182269,3.566922297786138
1213190,3.566922297786138
386568,3.566922297786138
1000554,3.566922297786138
123376,3.566922297786138
351076,3.566922297786138
2555414,3.566922297786138
380257,3.566922297786138
1777484,3.566922297786138
682084,3.566922297786138
1718433,3.566922297786138
346450,3.566922297786138
939871,3.566922297786138
569506,3.566922297786138
566918,3.566922297786138
1272486,3.566922297786138
406024,3.566922297786138
181502,3.566922297786138
2068190,3.566922297786138
728029,3.566922297786138
1302219,3.566922297786138
1696090,3.566922297786138
755723,3.566922297786138
471880,3.566922297786138
993472,3.566922297786138
1787938,3.566922297786138
36621,3.566922297786138
36621,5.066922297786138
1293932,3.566922297786138
1974509,3.566922297786138
866430,3.566922297786138
2199443,3.566922297786138
1241337,3.566922297786138
2118726,3.566922297786138
177357,3.566922297786138
817664,3.566922297786138
595421,3.566922297786138
1110479,3.566922297786138
1279567,3.566922297786138
1563452,3.566922297786138
624343,3.566922297786138
325889,3.566922297786138
537600,3.566922297786138
2314434,2.9591836734693877
1178866,2.3626373626373627
803423,2.3626373626373627
2506142,2.3626373626373627
205729,3.882229232386961
827378,3.882229232386961
711436,3.882229232386961
1636386,3.882229232386961
193212,3.882229232386961
346924,3.882229232386961
1951856,3.882229232386961
743660,3.882229232386961
1590947,3.3286713286713288
1367805,3.3286713286713288
449591,3.3286713286713288
1293456,3.3286713286713288
1741802,3.3286713286713288
2350428,5.828671328671328
1295702,3.3286713286713288
1430873,2.323529411764706
555892,2.323529411764706
2082280,2.323529411764706
188792,3.0391791044776117
239493,3.0391791044776117
532649,3.0391791044776117
172948,3.0391791044776117
1375320,3.0391791044776117
2262661,3.0391791044776117
499648,3.0391791044776117
1992424,3.0391791044776117
2520684,3.0391791044776117
202738,3.0391791044776117
776836,3.0391791044776117
786246,3.0391791044776117
1492104,3.0391791044776117
578168,2.698717948717949
498400,2.698717948717949
2540580,2.698717948717949
443256,2.698717948717949
763359,2.698717948717949
1619179,2.698717948717949
1992514,3.2157712305026
1444088,3.2157712305026
1181854,3.2157712305026
2640987,3.2157712305026
1637718,3.2157712305026
99993,3.2157712305026
2068042,3.2157712305026
2263492,3.2157712305026
42667,3.2157712305026
2183823,3.2157712305026
333589,3.2157712305026
1044758,3.2157712305026
2528820,3.2157712305026
1834032,3.2157712305026
974174,3.2157712305026
1296599,3.2157712305026
1595090,3.2157712305026
2096722,3.2157712305026
526154,3.2157712305026
1403360,3.2157712305026
2146083,3.2157712305026
256656,3.1676118462507876
1205948,3.1676118462507876
1748906,3.1676118462507876
2018103,3.1676118462507876
2597320,3.1676118462507876
2498427,3.708264119601329
1424098,3.708264119601329
2346412,3.708264119601329
1603364,3.708264119601329
2245155,3.708264119601329
374663,3.708264119601329
417525,3.708264119601329
754005,3.708264119601329
474325,3.708264119601329
1518947,3.708264119601329
2181455,3.708264119601329
921472,3.708264119601329
512984,3.708264119601329
2641058,3.708264119601329
1782074,3.708264119601329
2205732,3.708264119601329
780136,3.708264119601329
1569985,3.708264119601329
2640042,3.708264119601329
1765813,3.708264119601329
1976224,3.708264119601329
652469,3.708264119601329
1712565,5.4582641196013295
1521838,3.708264119601329
1808452,3.708264119601329
172291,3.708264119601329
1111395,3.708264119601329
1189934,3.708264119601329
1418575,3.708264119601329
959717,3.708264119601329
2070471,3.708264119601329
1731330,3.708264119601329
2455012,3.708264119601329
404156,3.708264119601329
22415,3.708264119601329
2155274,3.708264119601329
2018196,3.708264119601329
398215,3.708264119601329
700467,3.708264119601329
307168,3.708264119601329
2058077,3.708264119601329
1897417,3.708264119601329
884498,3.708264119601329
502067,3.708264119601329
1988672,3.708264119601329
2329133,3.708264119601329
2593690,3.708264119601329
654696,3.708264119601329
1615992,3.708264119601329
1716430,3.708264119601329
1180971,3.708264119601329
2324556,3.708264119601329
165745,3.708264119601329
1544780,3.708264119601329
1500196,3.708264119601329
814070,3.708264119601329
553335,3.708264119601329
1144699,3.708264119601329
2399472,3.708264119601329
210420,3.708264119601329
1740017,3.708264119601329
793327,3.708264119601329
2165004,3.708264119601329
194837,3.708264119601329
1447450,3.708264119601329
1234282,3.708264119601329
2170999,3.708264119601329
675886,3.708264119601329
1287459,2.8905405405405404
2106757,2.8905405405405404
1495930,2.8905405405405404
1203103,2.8905405405405404
1496895,2.8905405405405404
656104,2.8905405405405404
1123422,2.8905405405405404
692590,2.8905405405405404
240181,2.8905405405405404
1728861,2.8905405405405404
1501314,2.8905405405405404
1502856,2.8905405405405404
858554,3.359147753589625
404922,3.359147753589625
333277,3.359147753589625
2160155,3.359147753589625
218872,3.359147753589625
1096960,3.359147753589625
1916237,3.359147753589625
703706,3.359147753589625
2166546,3.359147753589625
1608757,3.359147753589625
1372898,3.359147753589625
2595083,3.359147753589625
476167,3.359147753589625
512484,3.359147753589625
285157,3.359147753589625
310249,3.359147753589625
1893955,3.359147753589625
1628517,3.359147753589625
394546,3.359147753589625
1199142,3.359147753589625
1228362,3.359147753589625
980738,3.359147753589625
240779,3.359147753589625
692943,3.359147753589625
320564,3.359147753589625
1485728,3.359147753589625
1070295,3.359147753589625
2046048,3.359147753589625
1755262,3.359147753589625
2619777,3.359147753589625
1950879,3.359147753589625
2456770,3.359147753589625
1475698,3.359147753589625
846505,3.359147753589625
205561,3.359147753589625
205561,4.859147753589625
2077906,3.359147753589625
499003,3.359147753589625
1406565,3.359147753589625
2027693,3.359147753589625
1748906,5.609147753589625
2187995,3.359147753589625
700728,3.359147753589625
712778,3.359147753589625
2017966,3.359147753589625
224795,3.359147753589625
84218,3.359147753589625
2306758,3.359147753589625
1732558,3.359147753589625
2634044,3.359147753589625
244325,3.359147753589625
211664,3.359147753589625
1180237,3.359147753589625
578782,3.359147753589625
782382,3.359147753589625
841012,3.359147753589625
77954,3.359147753589625
1899671,3.359147753589625
116627,3.359147753589625
116627,4.859147753589625
1189087,3.359147753589625
615643,3.359147753589625
1282499,3.359147753589625
874755,3.359147753589625
1430847,3.359147753589625
1175852,3.359147753589625
1637265,3.359147753589625
1842846,3.359147753589625
689610,3.359147753589625
452961,3.359147753589625
677023,3.359147753589625
2277087,3.359147753589625
1734783,3.359147753589625
1722344,3.359147753589625
286483,3.359147753589625
385653,3.359147753589625
232833,3.359147753589625
232833,4.359147753589625
1724468,3.359147753589625
1500082,3.359147753589625
1050712,3.359147753589625
305836,3.359147753589625
1787873,3.3664459161147904
1616351,3.3664459161147904
935806,3.3664459161147904
559484,3.3664459161147904
1124592,3.3664459161147904
2622415,3.3664459161147904
1036019,3.3664459161147904
287967,3.077405857740586
2030226,3.077405857740586
1602132,3.077405857740586
1594434,3.077405857740586
969182,3.077405857740586
1099833,3.077405857740586
1300105,3.0053475935828877
2626413,3.0053475935828877
         0.986031123018